0 ,200  :  4.4229974e-20
1 ,200  :  1.933098e-27
2 ,200  :  2.7462507e-34
3 ,200  :  6.1568557e-37
4 ,200  :  0.0
5 ,200  :  0.0
6 ,200  :  0.0
7 ,200  :  0.0
8 ,200  :  0.0
9 ,200  :  0.0
10 ,200  :  0.0
11 ,200  :  1.0498995e-38
12 ,200  :  1.02771785e-36
13 ,200  :  5.7757974e-32
14 ,200  :  4.5891046e-31
15 ,200  :  1.7248775e-27
16 ,200  :  1.5598255e-27
17 ,200  :  2.6495838e-24
18 ,200  :  4.4568045e-27
19 ,200  :  1.9193511e-26
20 ,200  :  8.746811e-31
21 ,200  :  3.520522e-31
22 ,200  :  1.0173942e-33
23 ,200  :  6.177739e-32
24 ,200  :  8.712967e-33
25 ,200  :  1.3456015e-29
26 ,200  :  2.2906105e-32
27 ,200  :  5.285897e-31
28 ,200  :  4.1333816e-34
29 ,200  :  8.950197e-33
30 ,200  :  5.1943936e-36
31 ,200  :  7.916518e-36
32 ,200  :  5.952534e-38
33 ,200  :  1.1341137e-36
34 ,200  :  2.1741118e-35
35 ,200  :  3.9272333e-30
36 ,200  :  3.399089e-29
37 ,200  :  5.4366554e-24
38 ,200  :  5.665119e-25
39 ,200  :  3.1606228e-21
40 ,200  :  5.891967e-23
41 ,200  :  1.3846943e-19
42 ,200  :  2.1852619e-20
43 ,200  :  3.379058e-17
44 ,200  :  2.5419373e-22
45 ,200  :  3.0399656e-24
46 ,200  :  1.0346926e-28
47 ,200  :  5.923298e-28
48 ,200  :  1.7792279e-30
49 ,200  :  9.408131e-28
50 ,200  :  5.624821e-28
51 ,200  :  1.2274715e-22
52 ,200  :  4.9229972e-23
53 ,200  :  7.661202e-19
54 ,200  :  3.0436022e-21
55 ,200  :  5.5064653e-19
56 ,200  :  3.8016608e-22
57 ,200  :  4.9839057e-20
58 ,200  :  1.9932571e-22
59 ,200  :  8.314471e-20
60 ,200  :  2.1240522e-24
61 ,200  :  1.2769862e-23
62 ,200  :  4.4350327e-25
63 ,200  :  1.3001798e-19
64 ,200  :  5.195328e-20
65 ,200  :  5.358866e-16
66 ,200  :  6.6810245e-18
67 ,200  :  1.866985e-15
68 ,200  :  6.025841e-18
69 ,200  :  8.346074e-16
70 ,200  :  3.0846436e-19
71 ,200  :  1.0449077e-18
72 ,200  :  1.2475327e-24
73 ,200  :  2.4166792e-27
74 ,200  :  4.0117204e-32
75 ,200  :  9.216571e-33
76 ,200  :  1.3680558e-34
77 ,200  :  6.9209265e-33
78 ,200  :  5.1879777e-36
79 ,200  :  3.7444408e-34
80 ,200  :  3.768236e-37
81 ,200  :  1.6343156e-34
82 ,200  :  5.2496126e-36
83 ,200  :  2.5337122e-34
84 ,200  :  1.6299043e-38
85 ,200  :  0.0
86 ,200  :  0.0
87 ,200  :  0.0
88 ,200  :  0.0
89 ,200  :  0.0
90 ,200  :  0.0
91 ,200  :  0.0
92 ,200  :  0.0
93 ,200  :  0.0
94 ,200  :  0.0
95 ,200  :  0.0
96 ,200  :  0.0
97 ,200  :  0.0
98 ,200  :  0.0
99 ,200  :  0.0
100 ,200  :  0.0
101 ,200  :  0.0
102 ,200  :  0.0
103 ,200  :  0.0
104 ,200  :  0.0
105 ,200  :  0.0
106 ,200  :  0.0
107 ,200  :  0.0
108 ,200  :  0.0
109 ,200  :  0.0
110 ,200  :  0.0
111 ,200  :  0.0
112 ,200  :  0.0
113 ,200  :  0.0
114 ,200  :  0.0
115 ,200  :  0.0
116 ,200  :  0.0
117 ,200  :  0.0
118 ,200  :  0.0
119 ,200  :  0.0
120 ,200  :  0.0
121 ,200  :  0.0
122 ,200  :  0.0
123 ,200  :  0.0
124 ,200  :  0.0
125 ,200  :  0.0
126 ,200  :  0.0
127 ,200  :  0.0
128 ,200  :  0.0
129 ,200  :  0.0
130 ,200  :  0.0
131 ,200  :  0.0
132 ,200  :  6.12541e-39
133 ,200  :  2.1349206e-32
134 ,200  :  1.2828434e-33
135 ,200  :  7.649645e-32
136 ,200  :  7.585907e-35
137 ,200  :  8.139429e-33
138 ,200  :  7.002539e-32
139 ,200  :  1.3117378e-26
140 ,200  :  3.092663e-29
141 ,200  :  2.68128e-29
142 ,200  :  7.6374905e-31
143 ,200  :  2.8984279e-27
144 ,200  :  1.6786482e-25
145 ,200  :  2.127024e-20
146 ,200  :  2.3310726e-23
147 ,200  :  8.339234e-23
148 ,200  :  1.4782528e-24
149 ,200  :  1.3474928e-20
150 ,200  :  2.410418e-20
151 ,200  :  1.3935147e-15
152 ,200  :  2.4976692e-18
153 ,200  :  8.163782e-17
154 ,200  :  3.6869634e-20
155 ,200  :  3.3439339e-18
156 ,200  :  3.270257e-21
157 ,200  :  8.790751e-19
158 ,200  :  2.8540779e-21
159 ,200  :  1.0826057e-18
160 ,200  :  2.0972522e-21
161 ,200  :  3.539814e-19
162 ,200  :  4.8031284e-22
163 ,200  :  1.3757646e-19
164 ,200  :  5.382554e-22
165 ,200  :  2.2258743e-19
166 ,200  :  4.378056e-22
167 ,200  :  4.7592874e-20
168 ,200  :  2.2210691e-23
169 ,200  :  2.3299014e-21
170 ,200  :  4.372293e-24
171 ,200  :  3.147616e-21
172 ,200  :  1.7145292e-23
173 ,200  :  1.2240452e-20
174 ,200  :  6.737673e-23
175 ,200  :  4.6802677e-20
176 ,200  :  4.6793704e-22
177 ,200  :  4.2688372e-19
178 ,200  :  2.1302385e-21
179 ,200  :  6.5583253e-19
180 ,200  :  1.8214364e-21
181 ,200  :  3.9060694e-19
182 ,200  :  7.670578e-22
183 ,200  :  1.8166918e-19
184 ,200  :  6.255601e-22
185 ,200  :  2.1837382e-19
186 ,200  :  5.2130907e-22
187 ,200  :  1.5118697e-19
188 ,200  :  8.617619e-22
189 ,200  :  7.0202643e-19
190 ,200  :  6.5345447e-21
191 ,200  :  3.5815556e-18
192 ,200  :  1.4089534e-20
193 ,200  :  3.3801776e-18
194 ,200  :  1.3821657e-20
195 ,200  :  4.004089e-18
196 ,200  :  1.6710113e-20
197 ,200  :  3.57963e-18
198 ,200  :  8.746289e-21
199 ,200  :  1.0361516e-18
200 ,200  :  1.0986464e-21
201 ,200  :  9.5643863e-20
202 ,200  :  1.0852415e-22
203 ,200  :  1.6152252e-20
204 ,200  :  1.8433267e-23
205 ,200  :  2.9025307e-21
206 ,200  :  4.167188e-24
207 ,200  :  1.0764928e-21
208 ,200  :  3.2499314e-24
209 ,200  :  1.3083331e-21
210 ,200  :  4.982413e-24
211 ,200  :  1.7887704e-21
212 ,200  :  5.326643e-24
213 ,200  :  1.3623467e-21
214 ,200  :  3.6530764e-24
215 ,200  :  7.536433e-22
216 ,200  :  1.2964767e-24
217 ,200  :  1.7052029e-22
218 ,200  :  2.1251048e-25
219 ,200  :  3.6191645e-23
220 ,200  :  7.4494674e-26
221 ,200  :  1.1658537e-23
222 ,200  :  1.1806255e-26
223 ,200  :  6.3473435e-25
224 ,200  :  3.1573214e-28
225 ,200  :  2.2997753e-26
226 ,200  :  2.3416358e-29
227 ,200  :  5.8593206e-27
228 ,200  :  3.6082216e-29
229 ,200  :  8.964272e-26
230 ,200  :  4.7966345e-27
231 ,200  :  3.9688438e-23
232 ,200  :  4.7771764e-24
233 ,200  :  3.849516e-20
234 ,200  :  3.029112e-21
235 ,200  :  1.2093667e-17
236 ,200  :  4.9680586e-19
237 ,200  :  3.1945464e-16
238 ,200  :  1.0507835e-18
239 ,200  :  2.191426e-17
240 ,200  :  9.542947e-22
241 ,200  :  1.0747162e-21
242 ,200  :  3.6523896e-26
243 ,200  :  9.414957e-27
244 ,200  :  3.0490002e-32
245 ,200  :  1.3860312e-34
246 ,200  :  3.990727e-35
247 ,200  :  5.188124e-33
248 ,200  :  8.012934e-33
249 ,200  :  1.4113375e-26
250 ,200  :  3.8288123e-25
251 ,200  :  3.103611e-19
252 ,200  :  9.47148e-19
253 ,200  :  8.671434e-15
254 ,200  :  3.1859667e-16
255 ,200  :  2.8007165e-14
256 ,200  :  4.169636e-17
257 ,200  :  1.6055784e-15
258 ,200  :  3.2492722e-18
259 ,200  :  4.927298e-16
260 ,200  :  2.3646386e-17
261 ,200  :  5.7326736e-14
262 ,200  :  2.6965506e-16
263 ,200  :  5.508621e-22
264 ,200  :  2.1925176e-28
265 ,200  :  2.0381128e-31
266 ,200  :  2.4069893e-36
267 ,200  :  5.704727e-37
268 ,200  :  3.6026624e-38
269 ,200  :  7.0354347e-35
270 ,200  :  8.44603e-32
271 ,200  :  1.267266e-23
272 ,200  :  2.1560952e-23
273 ,200  :  1.7501584e-25
274 ,200  :  5.671527e-30
275 ,200  :  1.1337228e-31
276 ,200  :  8.444144e-36
277 ,200  :  2.5560206e-34
278 ,200  :  1.1434585e-35
279 ,200  :  7.734825e-33
280 ,200  :  5.954207e-33
281 ,200  :  1.0375338e-29
282 ,200  :  7.449428e-29
283 ,200  :  6.2114346e-25
284 ,200  :  1.9836869e-27
285 ,200  :  4.161901e-30
286 ,200  :  1.9321128e-32
287 ,200  :  3.652736e-27
288 ,200  :  6.1781485e-29
289 ,200  :  8.0213905e-29
290 ,200  :  1.3132278e-29
291 ,200  :  4.4110816e-29
292 ,200  :  6.360067e-33
293 ,200  :  9.331252e-35
294 ,200  :  4.960287e-37
295 ,200  :  3.8347714e-35
296 ,200  :  2.0029468e-35
297 ,200  :  1.797084e-32
298 ,200  :  2.9795323e-30
299 ,200  :  3.0532844e-24
300 ,200  :  1.7890308e-20
301 ,200  :  1.5435293e-13
